FIR filter tabs for (non-normalized) averaging diffentiator

(+4,+1,+1,
+1,+1,+1,+1,+1,+1,+1,+1,+1,+1,+1,+1,+1,+1,+1,+1,+1,+1,+1,+1,+1,+1,+1,+1,+1,+1,+1,
+1,+1,+1,+1,+1,+1,+1,+1,+1,+1,+1,+1,+1,+1,+1,+1,+1,+1,+1,+1,+1,+1,+1,+1,+1,+1,+1,
+1,+1,+1,+1,+1,+1,+1,+1,+1,+1,+1,+1,+1,+1,+1,+1,+1,+1,+1,+1,+1,+1,+1,+1,+1,+1,+1,
+1,+1,+1,+1,+1,+1,+1,+1,+1,+1,+1,+1,+1,+1,+1,+1,+1,+1,+1,+1,+1,+1,+1,+1,+1,+1,+1,
+1,+1,+1,+1,+1,+1,+1,+1,+1,+1,+1,+1,+1,+1,+1,+1,+1,+1,+1,+1,+1,+1,+1,+1,+1,+1,+1,
+1,+1,+1,+1,+1,+1,+1,+1,+1,+1,+1,+1,+1,+1,+1,+1,+1,+1,+1,+1,+1,+1,+1,+1,+1,+1,+1,
+1,+1,+1,+1,+1,+1,+1,+1,+1,+1,+1,+1,+1,+1,+1,+1,+1,+1,+1,+1,+1,+1,+1,+1,+1,+1,+1,
+1,+1,+1,+1,+1,+1,+1,+1,+1,+1,+1,+1,+1,+1,+1,+1,+1,+1,+1,+1,+1,+1,+1,+1,+1,+1,+1,
+1,+1,+1,+1,+1,+1,+1,+1,+1,+1,+1,+1,+1,+1,+1,+1,+1,+1,+1,+1,+1,+1,+1,+1,+1,+1,+1,
+1,+1,+1,+1,+1,+1,+1,+1,+1,+1,+1,+1,+1,+1,+1,+1,+1,+1,+1,+1,+1,+1,+1,+1,+1,+1,+1,
+0,+0,+0,+0,+0,+0,+0,+0,+0,+0,+0,+0,+0,+0,+0,+0,+0,+0,+0,+0,+0,+0,+0,+0,+0,+0,+0,
+0,+0,+0,+0,+0,+0,+0,+0,+0,+0,+0,+0,+0,+0,+0,+0,+0,+0,+0,+0,+0,+0,+0,+0,+0,+0,+0,
+0,+0,+0,+0,+0,+0,+0,+0,+0,+0,+0,+0,+0,+0,+0,+0,+0,+0,+0,+0,+0,+0,+0,+0,+0,+0,+0,
+0,+0,+0,+0,+0,+0,+0,+0,+0,+0,+0,+0,+0,+0,+0,+0,+0,+0,+0,+0,+0,+0,+0,+0,+0,+0,+0,
+0,+0,+0,+0,+0,+0,+0,+0,+0,+0,+0,+0,+0,+0,+0,+0,+0,+0,+0,+0,+0,+0,+0,+0,+0,+0,+0,
+0,+0,+0,+0,+0,+0,+0,+0,+0,+0,+0,+0,+0,+0,+0,+0,+0,+0,+0,+0,+0,+0,+0,+0,+0,+0,+0,
+0,+0,+0,+0,+0,+0,+0,+0,+0,+0,+0,+0,+0,+0,+0,+0,+0,+0,+0,+0,+0,+0,+0,+0,+0,+0,+0,
+0,+0,+0,+0,+0,+0,+0,+0,+0,+0,+0,+0,+0,+0,+0,+0,+0,+0,+0,+0,+0,+0,+0,+0,+0,+0,+0,
+0,+0,+0,+0,+0,+0,+0,+0,+0,+0,+0,+0,+0,+0,+0,+0,+0,+0,+0,+0,+0,+0,+0,+0,+0,+0,+0,
+0,+0,+0,+0,+0,+0,+0,+0,+0,+0,+0,+0,+0,+0,+0,+0,+0,+0,+0,+0,+0,+0,+0,+0,+0,+0,+0,
+0,+0,+0,+0,+0,+0,+0,+0,+0,+0,+0,+0,+0,+0,+0,+0,+0,+0,+0,+0,+0,+0,+0,+0,+0,+0,+0,
+0,+0,+0,+0,+0,+0,+0,+0,+0,+0,+0,+0,+0,+0,+0,+0,+0,+0,+0,+0,+0,+0,+0,+0,+0,+0,+0,
+0,+0,+0,+0,+0,+0,+0,+0,+0,+0,+0,+0,+0,+0,+0,+0,+0,+0,+0,+0,+0,+0,+0,+0,+0,+0,+0,
+0,+0,+0,+0,+0,+0,+0,+0,+0,+0,+0,+0,+0,+0,+0,+0,+0,+0,+0,+0,+0,+0,+0,+0,+0,+0,+0,
+0,+0,+0,+0,+0,+0,+0,+0,+0,+0,+0,+0,+0,+0,+0,+0,+0,+0,+0,+0,+0,+0,+0,+0,+0,+0,+0,
+0,+0,+0,+0,+0,+0,+0,+0,+0,+0,+0,+0,+0,+0,+0,+0,+0,+0,+0,+0,+0,+0,+0,+0,+0,+0,+0,
+0,+0,+0,+0,+0,+0,+0,+0,+0,+0,+0,+0,+0,+0,+0,+0,+0,+0,+0,+0,+0,+0,+0,+0,+0,+0,+0,
+0,+0,+0,+0,+0,+0,+0,+0,+0,+0,+0,+0,+0,+0,+0,+0,+0,+0,+0,+0,+0,+0,+0,+0,+0,+0,+0,
-1,-1,-1,-1,-1,-1,-1,-1,-1,-1,-1,-1,-1,-1,-1,-1,-1,-1,-1,-1,-1,-1,-1,-1,-1,-1,-1,
-1,-1,-1,-1,-1,-1,-1,-1,-1,-1,-1,-1,-1,-1,-1,-1,-1,-1,-1,-1,-1,-1,-1,-1,-1,-1,-1,
-1,-1,-1,-1,-1,-1,-1,-1,-1,-1,-1,-1,-1,-1,-1,-1,-1,-1,-1,-1,-1,-1,-1,-1,-1,-1,-1,
-1,-1,-1,-1,-1,-1,-1,-1,-1,-1,-1,-1,-1,-1,-1,-1,-1,-1,-1,-1,-1,-1,-1,-1,-1,-1,-1,
-1,-1,-1,-1,-1,-1,-1,-1,-1,-1,-1,-1,-1,-1,-1,-1,-1,-1,-1,-1,-1,-1,-1,-1,-1,-1,-1,
-1,-1,-1,-1,-1,-1,-1,-1,-1,-1,-1,-1,-1,-1,-1,-1,-1,-1,-1,-1,-1,-1,-1,-1,-1,-1,-1,
-1,-1,-1,-1,-1,-1,-1,-1,-1,-1,-1,-1,-1,-1,-1,-1,-1,-1,-1,-1,-1,-1,-1,-1,-1,-1,-1,
-1,-1,-1,-1,-1,-1,-1,-1,-1,-1,-1,-1,-1,-1,-1,-1,-1,-1,-1,-1,-1,-1,-1,-1,-1,-1,-1,
-1,-1,-1,-1,-1,-1,-1,-1,-1,-1,-1,-1,-1,-1,-1,-1,-1,-1,-1,-1,-1,-1,-1,-1,-1,-1,-1,
-1,-1,-1,-1,-1,-1,-1,-1,-1,-1,-1,-1,-1,-1,-1,-1,-1,-1,-1,-1,-1,-1,-1,-1,-1,-1,-1,
-1,-1,-4)
